/*********************************************************************
[ControlPoint][R][0]

[ControlPoint][G][0]

[ControlPoint][B][0]

*********************************************************************/

//[Table256][R]
{
  0,   0,   0,   1,   1,   2,   2,   3,   4,   4,   5,   5,   6,   7,   7,   8,
  9,  10,  10,  11,  12,  12,  13,  14,  15,  15,  16,  17,  18,  18,  19,  20,
 21,  22,  22,  23,  24,  25,  26,  26,  27,  28,  29,  30,  31,  31,  32,  33,
 34,  35,  36,  37,  37,  38,  39,  40,  41,  42,  43,  44,  45,  45,  46,  47,
 48,  49,  50,  51,  52,  53,  54,  55,  56,  56,  57,  58,  59,  60,  61,  62,
 63,  64,  65,  66,  67,  68,  69,  70,  71,  72,  73,  74,  75,  76,  77,  78,
 79,  80,  81,  82,  83,  83,  84,  85,  86,  87,  89,  90,  91,  92,  93,  94,
 95,  96,  97,  98,  99, 100, 101, 102, 103, 104, 105, 106, 107, 108, 109, 110,
111, 112, 113, 114, 115, 116, 117, 118, 119, 121, 122, 123, 124, 125, 126, 127,
128, 129, 130, 131, 132, 133, 134, 136, 137, 138, 139, 140, 141, 142, 143, 144,
145, 146, 147, 149, 150, 151, 152, 153, 154, 155, 156, 157, 159, 160, 161, 162,
163, 164, 165, 166, 167, 169, 170, 171, 172, 173, 174, 175, 176, 178, 179, 180,
181, 182, 183, 184, 185, 187, 188, 189, 190, 191, 192, 193, 195, 196, 197, 198,
199, 200, 202, 203, 204, 205, 206, 207, 208, 210, 211, 212, 213, 214, 215, 217,
218, 219, 220, 221, 222, 224, 225, 226, 227, 228, 230, 231, 232, 233, 234, 235,
237, 238, 239, 240, 241, 243, 244, 245, 246, 247, 248, 250, 251, 252, 253, 254
},
//[Table256][G]
{
  0,   0,   0,   1,   1,   2,   2,   3,   4,   4,   5,   5,   6,   7,   7,   8,
  9,  10,  10,  11,  12,  12,  13,  14,  15,  15,  16,  17,  18,  18,  19,  20,
 21,  22,  22,  23,  24,  25,  26,  26,  27,  28,  29,  30,  31,  31,  32,  33,
 34,  35,  36,  37,  37,  38,  39,  40,  41,  42,  43,  44,  45,  45,  46,  47,
 48,  49,  50,  51,  52,  53,  54,  55,  56,  56,  57,  58,  59,  60,  61,  62,
 63,  64,  65,  66,  67,  68,  69,  70,  71,  72,  73,  74,  75,  76,  77,  78,
 79,  80,  81,  82,  83,  83,  84,  85,  86,  87,  89,  90,  91,  92,  93,  94,
 95,  96,  97,  98,  99, 100, 101, 102, 103, 104, 105, 106, 107, 108, 109, 110,
111, 112, 113, 114, 115, 116, 117, 118, 119, 121, 122, 123, 124, 125, 126, 127,
128, 129, 130, 131, 132, 133, 134, 136, 137, 138, 139, 140, 141, 142, 143, 144,
145, 146, 147, 149, 150, 151, 152, 153, 154, 155, 156, 157, 159, 160, 161, 162,
163, 164, 165, 166, 167, 169, 170, 171, 172, 173, 174, 175, 176, 178, 179, 180,
181, 182, 183, 184, 185, 187, 188, 189, 190, 191, 192, 193, 195, 196, 197, 198,
199, 200, 202, 203, 204, 205, 206, 207, 208, 210, 211, 212, 213, 214, 215, 217,
218, 219, 220, 221, 222, 224, 225, 226, 227, 228, 230, 231, 232, 233, 234, 235,
237, 238, 239, 240, 241, 243, 244, 245, 246, 247, 248, 250, 251, 252, 253, 254
},
//[Table256][B]
{
  0,   0,   0,   1,   1,   2,   2,   3,   4,   4,   5,   5,   6,   7,   7,   8,
  9,  10,  10,  11,  12,  12,  13,  14,  15,  15,  16,  17,  18,  18,  19,  20,
 21,  22,  22,  23,  24,  25,  26,  26,  27,  28,  29,  30,  31,  31,  32,  33,
 34,  35,  36,  37,  37,  38,  39,  40,  41,  42,  43,  44,  45,  45,  46,  47,
 48,  49,  50,  51,  52,  53,  54,  55,  56,  56,  57,  58,  59,  60,  61,  62,
 63,  64,  65,  66,  67,  68,  69,  70,  71,  72,  73,  74,  75,  76,  77,  78,
 79,  80,  81,  82,  83,  83,  84,  85,  86,  87,  89,  90,  91,  92,  93,  94,
 95,  96,  97,  98,  99, 100, 101, 102, 103, 104, 105, 106, 107, 108, 109, 110,
111, 112, 113, 114, 115, 116, 117, 118, 119, 121, 122, 123, 124, 125, 126, 127,
128, 129, 130, 131, 132, 133, 134, 136, 137, 138, 139, 140, 141, 142, 143, 144,
145, 146, 147, 149, 150, 151, 152, 153, 154, 155, 156, 157, 159, 160, 161, 162,
163, 164, 165, 166, 167, 169, 170, 171, 172, 173, 174, 175, 176, 178, 179, 180,
181, 182, 183, 184, 185, 187, 188, 189, 190, 191, 192, 193, 195, 196, 197, 198,
199, 200, 202, 203, 204, 205, 206, 207, 208, 210, 211, 212, 213, 214, 215, 217,
218, 219, 220, 221, 222, 224, 225, 226, 227, 228, 230, 231, 232, 233, 234, 235,
237, 238, 239, 240, 241, 243, 244, 245, 246, 247, 248, 250, 251, 252, 253, 254
}
